i = 4; j = 19; pi-&i = 0; ppi-&pi = 0
i = 14; j = 19; pi-&i = 0; ppi-&pi = 0
c = 97; s1-as = 6; s2-as = 6
dp-ad = 4;
dp-ad = 5;
i = 14; j = 19; pi-&i = 0; ppi-&pi = 2
i = 56; j = 0; pi-&i = 0; ppi-&pi = 2
 0 1 4 9 16 25 36 49 64 81
 81 65 53 45 41 66 81 102 129 162
aai[5][7] = 199; aaai[5][4][2] = 299;
af[4] = 3.990000e+02; ad[12] = 4.990000e+02;
as is 'blah'
as is 'flag'
i = 77; j = -1; pi-&i = 0; ppi-&pi = 2
i = 77; j = 250; pi-&i = 0; ppi-&pi = 2
i = 77; j = 50; pi-&i = 0; ppi-&pi = 2
